388888
388889
388899
388999
389999
399999
444444
444445
444446
444447
444448
444449
444455
444456
444457
444458
444459
444466
444467
444468
444469
444477
444478
444479
444488
444489
444499
444555
444556
444557
444558
444559
444566
444567
444568
444569
444577
444578
444579
444588
444589
444599
444666
444667
444668
444669
444677
444678
444679
444688
444689
444699
444777
444778
444779
444788
444789
444799
444888
444889
444899
444999
445555
445556
445557
445558
445559
445566
445567
445568
445569
445577
445578
445579
445588
445589
445599
445666
445667
445668
445669
445677
445678
445679
445688
445689
445699
445777
445778
445779
445788
445789
445799
445888
445889
445899
445999
446666
446667
446668
446669
446677
446678
446679
446688
446689
446699
446777
446778
446779
446788
446789
446799
446888
446889
446899
446999
447777
447778
447779
447788
447789
447799
447888
447889
447899
447999
448888
448889
448899
448999
449999
455555
455556
455557
455558
455559
455566
455567
455568
455569
455577
455578
455579
455588
455589
455599
455666
455667
455668
455669
455677
455678
455679
455688
455689
455699
455777
455778
455779
455788
455789
455799
455888
455889
455899
455999
456666
456667
456668
456669
456677
456678
456679
456688
456689
456699
456777
456778
456779
456788
456799
456888
456889
456899
456999
457777
457778
457779
457788
457789
457799
457888
457889
457899
457999
458888
458889
458899
458999
459999
466666
466667
466668
466669
466677
466678
466679
466688
466689
466699
466777
466778
466779
466788
466789
466799
466888
466889
466899
466999
467777
467778
467779
467788
467789
467799
467888
467889
467899
467999
468888
468889
468899
468999
469999
477777
477778
477779
477788
477789
477799
477888
477889
477899
477999
478888
478889
478899
478999
479999
488888
488889
488899
488999
489999
499999
555555
555556
555557
555558
555559
555566
555567
555568
555569
555577
555578
555579
555588
555589
555599
555666
555667
555668
555669
555677
555678
555679
555688
555689
555699
555777
555778
555779
555788
555789
555799
555888
555889
555899
555999
556666
556667
556668
556669
556677
556678
556679
556688
556689
556699
556777
556778
556779
556788
556789
556799
556888
556889
556899
556999
557777
557778
557779
557788
557789
557799
557888
557889
557899
557999
558888
558889
558899
558999
559999
566666
566667
566668
566669
566677
566678
566679
566688
566689
566699
566777
566778
566779
566788
566789
566799
566888
566889
566899
566999
567777
567778
567779
567788
567789
567799
567888
567889
567899
567999
568888
568889
568899
568999
569999
577777
577778
577779
577788
577789
577799
577888
577889
577899
577999
578888
578889
578899
578999
579999
588888
588889
588899
588999
589999
599999
666666
666667
666668
666669
666677
666678
666679
666688
666689
666699
666777
666778
666779
666788
666789
666799
666888
666889
666899
666999
667777
667778
667779
667788
667789
667799
667888
667889
667899
667999
668888
668889
668899
668999
669999
677777
677778
677779
677788
677789
677799
677888
677889
677899
677999
678888
678889
678899
678999
679999
688888
688889
688899
688999
689999
699999
777777
777778
777779
777788
777789
777799
777888
777889
777899
777999
778888
778889
778899
778999
779999
788888
788889
788899
788999
789999
799999
